                                mean        sd    hdi_3%   hdi_97%  mcse_mean  mcse_sd  ess_bulk  ess_tail  r_hat
trace_shift[0]                 0.009     0.000     0.008     0.009      0.000    0.000      19.0      37.0   1.34
trace_shift[1]                 0.002     0.000     0.001     0.002      0.000    0.000      27.0      30.0   1.21
trace_shift[2]                 0.009     0.000     0.009     0.010      0.000    0.000      13.0      93.0   1.69
trace_shift[3]                -0.011     0.000    -0.012    -0.010      0.000    0.000      15.0     129.0   1.52
trace_shift[4]                -0.001     0.017    -0.024     0.018      0.006    0.001      11.0      24.0   2.09
trace_shift[5]                 0.005     0.004     0.001     0.010      0.001    0.000      11.0      24.0   2.07
trace_shift[6]                 0.003     0.003    -0.000     0.007      0.001    0.000      11.0      25.0   2.06
trace_shift[7]                 0.006     0.000     0.005     0.006      0.000    0.000      16.0      31.0   1.45
trace_shift[8]                 0.008     0.001     0.007     0.009      0.000    0.000      12.0      23.0   1.83
trace_shift[9]                 0.007     0.002     0.004     0.011      0.001    0.000      11.0      24.0   2.08
trace_shift[10]               -0.015     0.000    -0.016    -0.015      0.000    0.000      15.0      44.0   1.50
trace_shift[11]               -0.032     0.001    -0.034    -0.029      0.000    0.000      16.0     124.0   1.42
trace_shift[12]                0.006     0.003     0.002     0.010      0.001    0.000      11.0      23.0   2.06
trace_shift[13]                0.005     0.003     0.002     0.009      0.001    0.000      11.0      25.0   2.05
apex[0, 0]                     2.719     0.000     2.719     2.720      0.000    0.000      19.0      37.0   1.34
apex[0, 1]                     3.004     0.000     3.003     3.005      0.000    0.000      19.0      37.0   1.34
apex[0, 2]                     3.309     0.000     3.308     3.309      0.000    0.000      19.0      37.0   1.34
apex[1, 0]                     2.712     0.000     2.712     2.713      0.000    0.000      27.0      30.0   1.21
apex[1, 1]                     2.997     0.000     2.996     2.997      0.000    0.000      27.0      30.0   1.21
apex[1, 2]                     3.302     0.000     3.301     3.302      0.000    0.000      27.0      30.0   1.21
apex[2, 0]                     2.720     0.000     2.719     2.721      0.000    0.000      13.0      93.0   1.69
apex[2, 1]                     3.005     0.000     3.004     3.005      0.000    0.000      13.0      93.0   1.69
apex[2, 2]                     3.309     0.000     3.309     3.310      0.000    0.000      13.0      93.0   1.69
apex[3, 0]                     2.700     0.000     2.699     2.701      0.000    0.000      15.0     129.0   1.52
apex[3, 1]                     2.984     0.000     2.984     2.985      0.000    0.000      15.0     129.0   1.52
apex[3, 2]                     3.289     0.000     3.288     3.290      0.000    0.000      15.0     129.0   1.52
apex[4, 0]                     2.710     0.017     2.686     2.729      0.006    0.001      11.0      24.0   2.09
apex[4, 1]                     2.994     0.017     2.971     3.013      0.006    0.001      11.0      24.0   2.09
apex[4, 2]                     3.299     0.017     3.276     3.318      0.006    0.001      11.0      24.0   2.09
apex[5, 0]                     2.716     0.004     2.712     2.721      0.001    0.000      11.0      24.0   2.07
apex[5, 1]                     3.001     0.004     2.996     3.005      0.001    0.000      11.0      24.0   2.07
apex[5, 2]                     3.305     0.004     3.301     3.310      0.001    0.000      11.0      24.0   2.07
apex[6, 0]                     2.714     0.003     2.710     2.718      0.001    0.000      11.0      25.0   2.06
apex[6, 1]                     2.999     0.003     2.995     3.002      0.001    0.000      11.0      25.0   2.06
apex[6, 2]                     3.303     0.003     3.300     3.307      0.001    0.000      11.0      25.0   2.06
apex[7, 0]                     2.716     0.000     2.716     2.717      0.000    0.000      16.0      31.0   1.45
apex[7, 1]                     3.001     0.000     3.000     3.002      0.000    0.000      16.0      31.0   1.45
apex[7, 2]                     3.306     0.000     3.305     3.306      0.000    0.000      16.0      31.0   1.45
apex[8, 0]                     2.718     0.001     2.718     2.719      0.000    0.000      12.0      23.0   1.83
apex[8, 1]                     3.003     0.001     3.002     3.004      0.000    0.000      12.0      23.0   1.83
apex[8, 2]                     3.308     0.001     3.307     3.309      0.000    0.000      12.0      23.0   1.83
apex[9, 0]                     2.717     0.002     2.715     2.721      0.001    0.000      11.0      24.0   2.08
apex[9, 1]                     3.002     0.002     3.000     3.006      0.001    0.000      11.0      24.0   2.08
apex[9, 2]                     3.307     0.002     3.305     3.311      0.001    0.000      11.0      24.0   2.08
apex[10, 0]                    2.695     0.000     2.695     2.696      0.000    0.000      15.0      44.0   1.50
apex[10, 1]                    2.980     0.000     2.979     2.981      0.000    0.000      15.0      44.0   1.50
apex[10, 2]                    3.285     0.000     3.284     3.285      0.000    0.000      15.0      44.0   1.50
apex[11, 0]                    2.679     0.001     2.677     2.682      0.000    0.000      16.0     124.0   1.42
apex[11, 1]                    2.964     0.001     2.961     2.966      0.000    0.000      16.0     124.0   1.42
apex[11, 2]                    3.268     0.001     3.266     3.271      0.000    0.000      16.0     124.0   1.42
apex[12, 0]                    2.717     0.003     2.713     2.721      0.001    0.000      11.0      23.0   2.06
apex[12, 1]                    3.001     0.003     2.997     3.006      0.001    0.000      11.0      23.0   2.06
apex[12, 2]                    3.306     0.003     3.302     3.310      0.001    0.000      11.0      23.0   2.06
apex[13, 0]                    2.716     0.003     2.712     2.720      0.001    0.000      11.0      25.0   2.05
apex[13, 1]                    3.000     0.003     2.997     3.004      0.001    0.000      11.0      25.0   2.05
apex[13, 2]                    3.305     0.003     3.302     3.309      0.001    0.000      11.0      25.0   2.05
log_w_left[0]                 -2.710     0.052    -2.795    -2.601      0.017    0.010      10.0      24.0   2.21
log_w_left[1]                 -5.126     0.062    -5.244    -5.006      0.017    0.009      13.0      24.0   1.66
log_w_left[2]                 -3.055     0.336    -3.633    -2.700      0.103    0.008      11.0     118.0   1.88
log_w_right[0]                -4.506     0.206    -4.957    -4.190      0.070    0.044      10.0      23.0   2.21
log_w_right[1]                -2.550     0.020    -2.586    -2.511      0.006    0.003      11.0      24.0   1.95
log_w_right[2]                -4.138     0.600    -4.830    -3.235      0.195    0.015      12.0     118.0   1.86
log_w_left_2[0]               -4.656     1.289    -5.923    -2.086      0.442    0.242      11.0      24.0   2.07
log_w_left_2[1]               -3.194     1.463    -5.478    -1.501      0.474    0.082      11.0      99.0   1.90
log_w_right_2[0]              -3.234     0.699    -4.403    -2.591      0.215    0.041      15.0     212.0   1.71
log_w_right_2[1]              -4.237     1.123    -5.529    -2.669      0.381    0.007      12.0     111.0   1.73
log_separation_artefact[0]    -1.593     0.693    -2.378    -1.070      0.230    0.123      11.0      71.0   1.90
log_separation_artefact[1]    -3.763     1.961    -6.420    -0.491      0.684    0.302      10.0      24.0   2.20
area_l[0, 0]                 131.505    38.652    42.921   193.842      9.884    7.755      22.0      23.0   1.27
area_l[0, 1]                5282.368    37.613  5213.306  5348.966      7.893    2.896      23.0      70.0   1.25
area_l[0, 2]                 144.914    61.845    65.975   245.857     20.473    4.997      12.0     132.0   1.87
area_l[1, 0]                1813.552    47.159  1690.466  1868.554     15.016   15.865      20.0      23.0   1.30
area_l[1, 1]                3213.466    22.564  3171.059  3255.004      3.697    1.830      38.0      70.0   1.14
area_l[1, 2]                 153.526    81.299    59.839   286.281     27.511    7.344      11.0     163.0   1.88
area_l[2, 0]                2452.518    58.284  2300.645  2515.011     19.464   21.377      18.0      24.0   1.38
area_l[2, 1]                2079.031    17.891  2046.866  2114.070      2.438    1.809      56.0      59.0   1.09
area_l[2, 2]                 177.247   113.095    56.215   357.009     38.507    9.684      11.0     143.0   1.88
area_l[3, 0]                2696.453    50.959  2568.344  2764.368     16.068   16.430      19.0      24.0   1.34
area_l[3, 1]                1382.407    22.034  1341.514  1424.125      1.874    0.523     138.0     950.0   1.03
area_l[3, 2]                 166.374    79.355    72.401   300.145     26.435    7.179      12.0     124.0   1.86
area_l[4, 0]                2140.873   368.910  1540.370  2666.910    117.646   14.702      12.0     124.0   1.82
area_l[4, 1]                 306.801    71.238   169.233   430.092      5.495    1.531     152.0    1074.0   1.03
area_l[4, 2]                 183.517    90.608    70.162   340.935     29.454    8.052      12.0     134.0   1.85
area_l[5, 0]                1750.916   250.884  1082.989  1889.438     87.517   98.801      16.0      25.0   1.43
area_l[5, 1]                  25.965    12.317     9.405    50.367      3.130    1.441      16.0     122.0   1.43
area_l[5, 2]                 287.113   216.394    80.669   756.081     74.336   52.917      11.0      24.0   2.08
area_l[6, 0]                1627.873   199.660  1089.110  1738.740     69.585   78.621      18.0      24.0   1.40
area_l[6, 1]                  25.319    11.103    10.154    47.340      3.015    1.131      14.0     133.0   1.53
area_l[6, 2]                 285.427   181.743    85.202   604.647     61.758   25.494      11.0      25.0   2.06
area_l[7, 0]                 136.266    35.624    42.670   176.345     11.451   11.897      21.0      23.0   1.30
area_l[7, 1]                2558.542    18.917  2525.072  2594.721      3.647    1.629      27.0      91.0   1.20
area_l[7, 2]                 123.336    49.172    62.167   203.986     16.448    4.278      11.0     115.0   1.87
area_l[8, 0]                1205.023    44.915  1086.355  1242.826     15.352   17.240      18.0      23.0   1.37
area_l[8, 1]                1043.435     9.860  1026.609  1061.401      1.410    1.298      49.0     116.0   1.10
area_l[8, 2]                 150.618    92.320    54.401   288.132     31.914    8.285      11.0     135.0   1.88
area_l[9, 0]                1319.543   126.289   982.432  1394.657     43.922   49.975      19.0      24.0   1.37
area_l[9, 1]                 449.497    11.672   431.260   473.137      1.931    1.404      38.0     153.0   1.14
area_l[9, 2]                 237.621   157.385    65.494   441.206     54.358    1.932      12.0     190.0   1.72
area_l[10, 0]               1292.557    37.675  1191.447  1323.444     12.837   14.297      18.0      24.0   1.36
area_l[10, 1]                188.396     8.495   173.394   203.633      1.506    0.741      30.0     208.0   1.18
area_l[10, 2]                159.344    71.587    81.271   271.506     24.533    6.505      13.0     122.0   1.68
area_l[11, 0]                872.584    55.151   748.113   963.887     15.137   13.233      20.0      23.0   1.31
area_l[11, 1]                 33.651    12.738    10.884    56.305      0.534    0.233     857.0    3267.0   1.02
area_l[11, 2]                191.404    70.243    97.161   320.942     21.489    5.272      13.0     137.0   1.61
area_l[12, 0]                821.161   111.444   523.450   890.528     38.748   43.743      19.0      23.0   1.34
area_l[12, 1]                 24.088     8.129    11.763    39.604      2.131    0.710      16.0     112.0   1.45
area_l[12, 2]                221.477   131.981    71.328   404.382     45.165    2.509      12.0     135.0   1.73
area_l[13, 0]                844.941   100.043   578.349   908.297     34.747   39.232      20.0      23.0   1.32
area_l[13, 1]                 27.222     8.013    14.115    42.413      2.036    0.645      16.0     107.0   1.42
area_l[13, 2]                219.680   127.433    73.396   399.806     43.706    5.759      12.0     184.0   1.83
area_r[0, 0]                   0.000     0.000     0.000     0.000      0.000      NaN    4000.0    4000.0    NaN
area_r[0, 1]                 123.170    73.420    22.142   242.491     25.106   11.132      10.0      23.0   2.20
area_r[0, 2]                  52.979    14.641    26.120    79.693      1.273    0.265     136.0    1975.0   1.04
area_r[1, 0]                   0.000     0.000     0.000     0.000      0.000      NaN    4000.0    4000.0    NaN
area_r[1, 1]                 142.962    89.959    21.840   287.290     30.990   12.788      10.0      23.0   2.20
area_r[1, 2]                 203.987    34.875   149.425   270.096      9.968    2.048      14.0     130.0   1.55
area_r[2, 0]                   0.000     0.000     0.000     0.000      0.000      NaN    4000.0    4000.0    NaN
area_r[2, 1]                 211.453   140.968    22.406   391.642     48.971   14.650      11.0      23.0   2.12
area_r[2, 2]                 458.590    69.313   371.863   577.615     22.914    5.654      12.0     133.0   1.75
area_r[3, 0]                   0.000     0.000     0.000     0.000      0.000      NaN    4000.0    4000.0    NaN
area_r[3, 1]                 155.379   104.409    22.701   338.423     35.837   16.770      10.0      23.0   2.19
area_r[3, 2]                 897.820    61.702   808.333  1006.824     19.419    4.407      13.0     118.0   1.64
area_r[4, 0]                   0.000     0.000     0.000     0.000      0.000      NaN    4000.0    4000.0    NaN
area_r[4, 1]                 184.660   123.469    22.520   357.377     41.765   13.020      11.0      27.0   1.99
area_r[4, 2]                1375.276   424.693   766.007  1927.207    142.836    1.921      13.0     198.0   1.70
area_r[5, 0]                   0.000     0.000     0.000     0.000      0.000      NaN    4000.0    4000.0    NaN
area_r[5, 1]                 686.466   526.073    23.713  1215.207    184.104   45.100      11.0     128.0   1.89
area_r[5, 2]                2563.008   447.199  2054.639  3141.630    155.970   28.173      11.0     136.0   1.89
area_r[6, 0]                   0.000     0.000     0.000     0.000      0.000      NaN    4000.0    4000.0    NaN
area_r[6, 1]                 656.916   495.927    23.165  1145.507    173.512   43.921      11.0     113.0   1.89
area_r[6, 2]                2740.166   415.517  2275.127  3291.734    144.781   28.135      11.0     134.0   1.89
area_r[7, 0]                   0.000     0.000     0.000     0.000      0.000      NaN    4000.0    4000.0    NaN
area_r[7, 1]                  94.973    50.894    27.200   194.370     17.422   10.070      10.0      23.0   2.19
area_r[7, 2]                  37.923     9.602    21.275    55.945      1.266    0.146      58.0    1110.0   1.09
area_r[8, 0]                   0.000     0.000     0.000     0.000      0.000      NaN    4000.0    4000.0    NaN
area_r[8, 1]                 134.797    83.623    24.852   280.348     29.022   13.727      10.0      23.0   2.20
area_r[8, 2]                 241.174    30.555   197.358   295.186      9.635    2.250      13.0     115.0   1.64
area_r[9, 0]                   0.000     0.000     0.000     0.000      0.000      NaN    4000.0    4000.0    NaN
area_r[9, 1]                 235.668   157.952    22.723   413.656     55.158   15.190      10.0      23.0   2.16
area_r[9, 2]                 488.886    74.955   394.842   609.044     25.260    5.759      12.0     128.0   1.88
area_r[10, 0]                  0.000     0.000     0.000     0.000      0.000      NaN    4000.0    4000.0    NaN
area_r[10, 1]                137.951    94.231    22.623   315.167     32.659   18.035      10.0      24.0   2.20
area_r[10, 2]                929.060    55.495   857.848  1020.285     18.423    4.263      13.0     108.0   1.65
area_r[11, 0]                  0.000     0.000     0.000     0.000      0.000      NaN    4000.0    4000.0    NaN
area_r[11, 1]                139.342   100.658    21.797   342.132     34.304   23.700      10.0      23.0   2.20
area_r[11, 2]               1430.407    66.956  1319.459  1550.101     19.243    4.191      14.0     108.0   1.56
area_r[12, 0]                  0.000     0.000     0.000     0.000      0.000      NaN    4000.0    4000.0    NaN
area_r[12, 1]                371.023   265.301    26.539   638.917     92.660   23.637      11.0     148.0   1.89
area_r[12, 2]               1347.871   205.295  1104.818  1623.570     71.234   12.866      11.0     180.0   1.89
area_r[13, 0]                  0.000     0.000     0.000     0.000      0.000      NaN    4000.0    4000.0    NaN
area_r[13, 1]                350.086   246.588    25.411   591.831     86.104   22.074      11.0     130.0   1.88
area_r[13, 2]               1382.114   187.259  1161.245  1638.431     64.912   12.573      11.0     137.0   1.89
area_total[0, 0]             131.505    38.652    42.921   193.842      9.884    7.755      22.0      23.0   1.27
area_total[0, 1]            5405.549   100.224  5247.406  5580.187     32.942   14.778      10.0      24.0   2.13
area_total[0, 2]             197.894    66.679   110.914   310.426     21.867    4.926      12.0     128.0   1.84
area_total[1, 0]            1813.552    47.159  1690.466  1868.554     15.016   15.865      20.0      23.0   1.30
area_total[1, 1]            3356.428   101.947  3198.066  3526.572     34.514   15.151      10.0      23.0   2.17
area_total[1, 2]             357.513   108.887   230.622   522.906     37.319    9.559      12.0     122.0   1.84
area_total[2, 0]            2452.518    58.284  2300.645  2515.011     19.464   21.377      18.0      24.0   1.38
area_total[2, 1]            2290.485   146.567  2067.759  2492.270     50.614   16.242      10.0      23.0   2.13
area_total[2, 2]             635.838   176.486   448.722   891.489     61.281   15.262      11.0     129.0   1.89
area_total[3, 0]            2696.453    50.959  2568.344  2764.368     16.068   16.430      19.0      24.0   1.34
area_total[3, 1]            1537.785   110.617  1370.575  1742.300     37.348   18.512      10.0      24.0   2.18
area_total[3, 2]            1064.194   133.372   913.636  1270.897     45.700   11.637      12.0     139.0   1.79
area_total[4, 0]            2140.873   368.910  1540.370  2666.910    117.646   14.702      12.0     124.0   1.82
area_total[4, 1]             491.461   138.281   250.042   729.048     40.622   13.476      12.0      62.0   1.75
area_total[4, 2]            1558.794   498.833   868.331  2202.611    169.736    8.579      12.0     119.0   1.77
area_total[5, 0]            1750.916   250.884  1082.989  1889.438     87.517   98.801      16.0      25.0   1.43
area_total[5, 1]             712.432   517.521    51.181  1238.056    181.075   44.212      11.0     109.0   1.89
area_total[5, 2]            2850.120   611.148  2165.176  3542.696    213.717    5.524      12.0      52.0   1.77
area_total[6, 0]            1627.873   199.660  1089.110  1738.740     69.585   78.621      18.0      24.0   1.40
area_total[6, 1]             682.235   487.498    48.637  1163.296    170.532   43.134      11.0     116.0   1.89
area_total[6, 2]            3025.592   567.190  2402.385  3686.409    198.316   13.953      12.0     135.0   1.86
area_total[7, 0]             136.266    35.624    42.670   176.345     11.451   11.897      21.0      23.0   1.30
area_total[7, 1]            2653.518    62.915  2557.297  2773.427     21.009   11.930      10.0      24.0   2.19
area_total[7, 2]             161.258    52.884    92.573   245.199     17.752    4.475      11.0     116.0   1.87
area_total[8, 0]            1205.023    44.915  1086.355  1242.826     15.352   17.240      18.0      23.0   1.37
area_total[8, 1]            1178.231    84.712  1059.373  1334.688     29.272   15.052      10.0      25.0   2.20
area_total[8, 2]             391.792   118.703   271.441   563.450     41.288   10.669      11.0     160.0   1.89
area_total[9, 0]            1319.543   126.289   982.432  1394.657     43.922   49.975      19.0      24.0   1.37
area_total[9, 1]             685.165   153.885   462.827   869.953     53.615   15.122      10.0      24.0   2.15
area_total[9, 2]             726.507   225.938   478.715  1006.871     78.788    9.470      12.0     149.0   1.86
area_total[10, 0]           1292.557    37.675  1191.447  1323.444     12.837   14.297      18.0      24.0   1.36
area_total[10, 1]            326.348    92.504   209.351   509.830     31.968   18.931      10.0      24.0   2.20
area_total[10, 2]           1088.403   123.404   966.406  1265.482     42.921   10.982      13.0     122.0   1.66
area_total[11, 0]            872.584    55.151   748.113   963.887     15.137   13.233      20.0      23.0   1.31
area_total[11, 1]            172.993   100.443    43.651   378.572     33.935   24.068      10.0      23.0   2.20
area_total[11, 2]           1621.811   122.138  1469.719  1828.637     40.582   10.148      13.0     118.0   1.65
area_total[12, 0]            821.161   111.444   523.450   890.528     38.748   43.743      19.0      23.0   1.34
area_total[12, 1]            395.111   259.365    51.120   656.668     90.551   23.077      11.0     131.0   1.89
area_total[12, 2]           1569.346   331.938  1201.332  1980.382    115.952   16.305      11.0     119.0   1.89
area_total[13, 0]            844.941   100.043   578.349   908.297     34.747   39.232      20.0      23.0   1.32
area_total[13, 1]            377.308   240.942    53.866   615.563     84.091   21.540      11.0     116.0   1.88
area_total[13, 2]           1601.795   310.421  1260.679  1995.903    108.420   18.605      11.0     131.0   1.89
area_artefact_typical[0]     201.671   130.765    26.933   356.084     45.604   12.817      10.0      24.0   2.17
area_artefact_typical[1]     180.618    89.867    77.796   310.056     31.042    6.248      11.0     170.0   1.89
baseline_intercept[0]        527.126   103.008   335.251   717.854     13.738    6.551      62.0      67.0   1.09
baseline_intercept[1]        645.144    74.567   500.184   779.562     12.430    1.036      36.0     303.0   1.14
baseline_intercept[2]        827.438    82.763   667.480   959.525     21.432    3.071      16.0     166.0   1.44
baseline_intercept[3]        661.533    96.900   480.580   840.347     21.452    1.834      21.0     230.0   1.30
baseline_intercept[4]       1653.778   851.655   398.440  3150.984    251.118   17.105      13.0     267.0   1.62
baseline_intercept[5]        676.614    75.744   501.261   793.189     10.995   11.126      59.0     125.0   1.17
baseline_intercept[6]        672.972    79.125   499.467   779.348     17.550    9.108      22.0     122.0   1.27
baseline_intercept[7]        521.218    53.447   421.203   616.604      5.424    1.040      99.0     409.0   1.05
baseline_intercept[8]        636.301    70.958   514.875   739.948     22.525    4.943      12.0     160.0   1.76
baseline_intercept[9]        594.551    97.380   419.845   714.377     31.443    8.623      12.0     131.0   1.80
baseline_intercept[10]       634.655    69.938   515.786   732.514     22.797    5.341      12.0     111.0   1.82
baseline_intercept[11]       565.307   125.267   330.317   796.721     21.973    3.902      33.0     175.0   1.16
baseline_intercept[12]       510.872    79.535   357.131   618.603     24.050    7.733      13.0     119.0   1.64
baseline_intercept[13]       564.782    82.884   410.889   676.530     25.641    7.773      12.0     118.0   1.71
baseline_slope[0]           -289.787   288.597  -818.506   246.989     26.313    5.937     122.0     562.0   1.04
baseline_slope[1]           -222.330   162.660  -525.367    81.757     12.244    2.501     178.0    2144.0   1.03
baseline_slope[2]           -241.414   157.580  -538.562    34.633     22.017    4.083      53.0     249.0   1.10
baseline_slope[3]           -298.823   162.843  -584.321    24.353     18.483    2.651      77.0    1886.0   1.07
baseline_slope[4]           -587.728   378.747 -1277.980   122.986     22.369    5.988     287.0    2800.0   1.02
baseline_slope[5]            280.904   260.613  -249.297   677.914     60.731   26.212      20.0     130.0   1.32
baseline_slope[6]            458.911   255.859   -42.714   846.765     67.210   19.655      15.0     147.0   1.48
baseline_slope[7]             -4.582   159.047  -307.143   286.991      7.495    2.642     462.0    1304.0   1.02
baseline_slope[8]            -83.247   166.160  -390.370   182.672     47.201    8.796      14.0     189.0   1.56
baseline_slope[9]           -279.636   242.048  -708.359    61.474     74.884   13.079      12.0     128.0   1.72
baseline_slope[10]           100.687   156.870  -167.729   364.973     46.157    7.308      13.0     124.0   1.65
baseline_slope[11]            33.380   279.881  -497.438   540.835     30.088    4.428      88.0    2707.0   1.06
baseline_slope[12]           190.603   241.834  -245.155   569.895     71.348   19.745      13.0     113.0   1.64
baseline_slope[13]           334.121   225.655   -97.470   681.417     66.055   17.209      13.0     118.0   1.64
sigma_y[0]                   864.798   107.128   672.600  1058.293     30.022   12.348      13.0      39.0   1.65
sigma_y[1]                   565.419    44.496   487.066   648.333      9.323    5.323      25.0      50.0   1.22
sigma_y[2]                   455.252    92.891   328.503   592.792     30.892    0.501      13.0     417.0   1.69
sigma_y[3]                   665.805    52.504   573.427   764.289     11.196    1.645      23.0     154.0   1.25
sigma_y[4]                  4881.959  2251.717  1882.909  7668.210    778.205   91.250      11.0      23.0   2.07
sigma_y[5]                   526.627   327.564   233.703  1009.877    114.053   30.228      12.0      94.0   1.73
sigma_y[6]                   453.712   256.008   224.486   840.234     88.981   23.594      13.0     140.0   1.64
sigma_y[7]                   433.274    62.895   322.451   548.368     18.894    8.295      12.0      29.0   1.85
sigma_y[8]                   237.889    28.151   195.159   295.033      8.278    5.325      13.0      27.0   1.64
sigma_y[9]                   270.773    95.975   159.346   411.849     32.996    7.104      11.0     112.0   1.89
sigma_y[10]                  204.275    17.248   172.219   236.509      3.416    1.171      25.0     102.0   1.22
sigma_y[11]                 1017.198   117.792   820.607  1236.716     31.047    3.316      15.0     190.0   1.51
sigma_y[12]                  330.940   101.113   224.268   493.454     34.574    9.383      13.0     117.0   1.65
sigma_y[13]                  320.108    80.306   227.037   451.435     27.194    7.438      13.0     118.0   1.70