                                    mean       sd    hdi_3%   hdi_97%  mcse_mean  mcse_sd   ess_bulk   ess_tail  r_hat
A[0, 0]                         1291.334  158.794   995.565  1585.385      1.374    1.124  13243.935  11153.143  1.000
A[0, 1]                          875.930  158.017   569.672  1156.611      1.374    1.126  13112.280  11216.304  1.000
A[0, 2]                         2378.288  180.351  2045.768  2728.121      1.667    1.434  11706.136  10725.115  1.000
A[0, 3]                         4784.564  185.792  4430.636  5136.497      1.720    1.472  11678.469  10889.243  1.000
A[1, 0]                         1494.069  168.488  1174.586  1800.107      1.413    1.226  14082.910  10711.886  1.000
A[1, 1]                          958.074  167.888   650.533  1276.449      1.419    1.229  13883.396  11141.244  1.000
A[1, 2]                         2393.340  170.437  2069.062  2708.618      1.662    1.359  10562.274  10832.047  1.000
A[1, 3]                         4505.719  175.663  4179.384  4837.373      1.713    1.402  10544.081  10678.093  1.000
A[2, 0]                         1739.613  150.644  1459.917  2018.948      1.272    1.159  13962.897  11178.892  1.000
A[2, 1]                         1031.732  150.204   753.627  1311.640      1.276    1.162  13794.222  10939.491  1.000
A[2, 2]                         2287.871  160.186  1982.291  2587.706      1.536    1.226  10901.056  10785.477  1.001
A[2, 3]                         4079.957  165.271  3766.786  4391.849      1.583    1.273  10921.995  10579.604  1.000
A[3, 0]                         1878.640  159.329  1574.952  2164.361      1.445    1.233  12199.788  11372.476  1.000
A[3, 1]                         1201.602  159.238   910.414  1500.138      1.447    1.231  12129.155  11618.935  1.000
A[3, 2]                         3589.870  105.705  3393.593  3789.492      1.077    0.867   9689.047  10394.989  1.000
A[3, 3]                         2833.062  107.561  2634.867  3037.251      1.098    0.872   9643.172   9872.254  1.000
A[4, 0]                         1769.905  145.256  1494.242  2042.793      1.317    1.104  12129.749  10484.303  1.000
A[4, 1]                         1361.906  145.561  1072.442  1623.210      1.329    1.100  11959.366  10524.354  1.000
A[4, 2]                         3261.639  153.868  2973.199  3544.810      1.553    1.207   9950.604  10001.111  1.001
A[4, 3]                         3129.981  156.110  2826.701  3408.490      1.572    1.218   9988.994   9939.948  1.001
A_total[0]                      9330.116   30.712  9271.734  9387.539      0.248    0.187  15326.685  15256.329  1.000
A_total[1]                      9351.203   31.170  9291.357  9409.195      0.240    0.191  16797.079  14767.854  1.000
A_total[2]                      9139.182   29.240  9084.888  9195.501      0.229    0.179  16269.491  15242.967  1.000
A_total[3]                      9503.190   32.407  9441.250  9563.170      0.255    0.200  16179.821  14800.986  1.000
A_total[4]                      9523.394   26.199  9474.503  9573.365      0.213    0.169  15143.325  14406.266  1.000
A_total_chemical_logical[0, 0]  2167.264   21.651  2124.439  2206.167      0.170    0.141  16169.490  14493.558  1.000
A_total_chemical_logical[0, 1]  7162.858   22.012  7121.632  7204.684      0.176    0.138  15704.622  13427.605  1.000
A_total_chemical_logical[1, 0]  2452.147   22.287  2409.485  2493.641      0.170    0.144  17124.832  14594.413  1.001
A_total_chemical_logical[1, 1]  6899.054   21.979  6856.972  6939.464      0.172    0.139  16274.220  14868.742  1.000
A_total_chemical_logical[2, 0]  2771.343   20.982  2732.532  2812.105      0.165    0.140  16257.947  14558.705  1.000
A_total_chemical_logical[2, 1]  6367.822   20.696  6329.431  6406.969      0.163    0.129  16025.359  15351.473  1.000
A_total_chemical_logical[3, 0]  3080.246   23.467  3036.633  3125.190      0.184    0.164  16271.246  13997.251  1.000
A_total_chemical_logical[3, 1]  6422.934   22.487  6380.656  6464.775      0.180    0.159  15634.641  13167.387  1.000
A_total_chemical_logical[4, 0]  3131.804   19.115  3096.306  3168.236      0.148    0.124  16655.822  14877.342  1.001
A_total_chemical_logical[4, 1]  6391.608   17.951  6358.341  6426.092      0.145    0.123  15406.991  13823.141  1.000
A_total_fit_logical[0, 0]       2167.264   21.651  2124.439  2206.167      0.170    0.141  16169.490  14493.558  1.000
A_total_fit_logical[0, 1]       7162.858   22.012  7121.632  7204.684      0.176    0.138  15704.622  13427.605  1.000
A_total_fit_logical[1, 0]       2452.147   22.287  2409.485  2493.641      0.170    0.144  17124.832  14594.413  1.001
A_total_fit_logical[1, 1]       6899.054   21.979  6856.972  6939.464      0.172    0.139  16274.220  14868.742  1.000
A_total_fit_logical[2, 0]       2771.343   20.982  2732.532  2812.105      0.165    0.140  16257.947  14558.705  1.000
A_total_fit_logical[2, 1]       6367.822   20.696  6329.431  6406.969      0.163    0.129  16025.359  15351.473  1.000
A_total_fit_logical[3, 0]       3080.246   23.467  3036.633  3125.190      0.184    0.164  16271.246  13997.251  1.000
A_total_fit_logical[3, 1]       6422.934   22.487  6380.656  6464.775      0.180    0.159  15634.641  13167.387  1.000
A_total_fit_logical[4, 0]       3131.804   19.115  3096.306  3168.236      0.148    0.124  16655.822  14877.342  1.001
A_total_fit_logical[4, 1]       6391.608   17.951  6358.341  6426.092      0.145    0.123  15406.991  13823.141  1.000
alpha[0, 0]                       -0.857    0.232    -1.290    -0.428      0.002    0.002  13075.937  11295.001  1.001
alpha[0, 1]                        0.357    0.276    -0.102     0.877      0.002    0.003  13749.942  11389.299  1.000
alpha[0, 2]                       -2.068    0.152    -2.357    -1.785      0.001    0.001  13858.840  12506.819  1.000
alpha[0, 3]                        0.112    0.055     0.010     0.220      0.001    0.000   9949.410  11105.744  1.000
alpha[1, 0]                       -0.842    0.218    -1.263    -0.448      0.002    0.002  12955.438   9647.173  1.001
alpha[1, 1]                        0.367    0.272    -0.085     0.884      0.002    0.003  14561.605  11013.616  1.000
alpha[1, 2]                       -2.083    0.149    -2.366    -1.803      0.001    0.001  13172.412  12168.415  1.000
alpha[1, 3]                        0.129    0.057     0.020     0.234      0.001    0.000   9353.647  10541.524  1.000
alpha[2, 0]                       -0.898    0.175    -1.243    -0.581      0.001    0.001  15815.492  11658.876  1.000
alpha[2, 1]                        0.453    0.241     0.020     0.895      0.002    0.002  15464.037  11138.477  1.000
alpha[2, 2]                       -2.136    0.149    -2.420    -1.862      0.001    0.001  13620.689  12288.473  1.001
alpha[2, 3]                        0.131    0.058     0.022     0.239      0.001    0.000   9589.874  10677.112  1.001
alpha[3, 0]                       -1.011    0.164    -1.322    -0.707      0.001    0.001  16445.697  12505.335  1.001
alpha[3, 1]                        0.590    0.230     0.185     1.023      0.002    0.002  14632.496  11464.995  1.000
alpha[3, 2]                       -1.897    0.133    -2.139    -1.639      0.001    0.001  12717.487  10531.989  1.000
alpha[3, 3]                        1.207    0.112     0.992     1.411      0.001    0.001   9364.488  10784.286  1.001
alpha[4, 0]                       -0.965    0.136    -1.207    -0.703      0.001    0.001  16856.867  12421.144  1.000
alpha[4, 1]                        0.593    0.197     0.248     0.965      0.002    0.002  15537.642  11086.283  1.000
alpha[4, 2]                       -1.533    0.116    -1.754    -1.318      0.001    0.001  12194.642  10198.540  1.000
alpha[4, 3]                        1.081    0.108     0.886     1.290      0.001    0.001   9775.850  10837.746  1.000
mu[0, 0]                           2.706    0.004     2.699     2.713      0.000    0.000  16465.570  10789.434  1.000
mu[0, 1]                           2.741    0.004     2.733     2.749      0.000    0.000  16456.857  13029.749  1.001
mu[0, 2]                           3.298    0.001     3.296     3.300      0.000    0.000  16786.834  12749.823  1.001
mu[0, 3]                           3.330    0.001     3.327     3.333      0.000    0.000  10318.146  11252.738  1.000
mu[1, 0]                           2.704    0.004     2.697     2.711      0.000    0.000  15934.599   9602.091  1.000
mu[1, 1]                           2.739    0.004     2.731     2.747      0.000    0.000  15628.011  11653.834  1.000
mu[1, 2]                           3.299    0.001     3.298     3.301      0.000    0.000  16582.494  12353.929  1.000
mu[1, 3]                           3.331    0.001     3.328     3.334      0.000    0.000   9424.694  10487.609  1.000
mu[2, 0]                           2.707    0.003     2.701     2.712      0.000    0.000  18511.867  11906.091  1.001
mu[2, 1]                           2.741    0.004     2.734     2.749      0.000    0.000  15192.637  12186.117  1.000
mu[2, 2]                           3.301    0.001     3.299     3.302      0.000    0.000  16114.352  13054.128  1.000
mu[2, 3]                           3.332    0.001     3.329     3.335      0.000    0.000  10384.240  10860.501  1.001
mu[3, 0]                           2.709    0.003     2.703     2.714      0.000    0.000  16486.859  11731.337  1.001
mu[3, 1]                           2.743    0.004     2.736     2.751      0.000    0.000  12516.306  10673.108  1.001
mu[3, 2]                           3.306    0.001     3.304     3.309      0.000    0.000  10149.513  11351.325  1.000
mu[3, 3]                           3.338    0.002     3.335     3.341      0.000    0.000   9421.860  10757.863  1.000
mu[4, 0]                           2.704    0.003     2.699     2.709      0.000    0.000  14330.482  11867.967  1.000
mu[4, 1]                           2.739    0.004     2.732     2.746      0.000    0.000  12084.068  12718.472  1.001
mu[4, 2]                           3.301    0.002     3.297     3.304      0.000    0.000  10393.782  11411.923  1.000
mu[4, 3]                           3.333    0.002     3.329     3.336      0.000    0.000  10268.898  10716.566  1.000
mu_center[0, 0]                    2.723    0.004     2.717     2.730      0.000    0.000  17110.937  11593.638  1.000
mu_center[0, 1]                    3.314    0.001     3.312     3.316      0.000    0.000  12846.309  12307.067  1.001
mu_center[1, 0]                    2.722    0.004     2.715     2.728      0.000    0.000  16769.741   9950.279  1.000
mu_center[1, 1]                    3.315    0.001     3.313     3.317      0.000    0.000  11482.987  12250.541  1.000
mu_center[2, 0]                    2.724    0.003     2.718     2.730      0.000    0.000  17490.488  12037.246  1.000
mu_center[2, 1]                    3.316    0.001     3.314     3.318      0.000    0.000  12384.144  11991.186  1.001
mu_center[3, 0]                    2.726    0.003     2.720     2.732      0.000    0.000  13906.057  11626.121  1.001
mu_center[3, 1]                    3.322    0.001     3.320     3.325      0.000    0.000  10050.915  11136.297  1.000
mu_center[4, 0]                    2.722    0.003     2.716     2.727      0.000    0.000  12713.308  11884.369  1.001
mu_center[4, 1]                    3.317    0.002     3.313     3.320      0.000    0.000  10805.444  10411.049  1.001
separation[0]                      0.035    0.003     0.029     0.041      0.000    0.000  13026.427  12462.810  1.001
separation[1]                      0.032    0.001     0.030     0.034      0.000    0.000   8822.103   9702.005  1.000
sigma[0, 0]                        0.048    0.002     0.044     0.052      0.000    0.000  15828.042  11870.530  1.000
sigma[0, 1]                        0.055    0.002     0.051     0.059      0.000    0.000  20637.857  13450.732  1.001
sigma[0, 2]                        0.051    0.001     0.050     0.053      0.000    0.000  23793.793  10480.912  1.000
sigma[0, 3]                        0.049    0.001     0.047     0.051      0.000    0.000  12169.268  11870.278  1.000
sigma[1, 0]                        0.048    0.002     0.044     0.052      0.000    0.000  15657.853  11593.910  1.001
sigma[1, 1]                        0.055    0.002     0.051     0.059      0.000    0.000  19909.371  13659.975  1.000
sigma[1, 2]                        0.051    0.001     0.049     0.052      0.000    0.000  25163.432  11697.395  1.000
sigma[1, 3]                        0.049    0.001     0.047     0.051      0.000    0.000  11293.766  11473.409  1.000
sigma[2, 0]                        0.049    0.002     0.045     0.053      0.000    0.000  18712.379  12001.387  1.001
sigma[2, 1]                        0.057    0.002     0.053     0.061      0.000    0.000  17559.998  13813.784  1.000
sigma[2, 2]                        0.053    0.001     0.051     0.054      0.000    0.000  25067.514  12317.896  1.000
sigma[2, 3]                        0.050    0.001     0.048     0.052      0.000    0.000  11715.865  11765.798  1.000
sigma[3, 0]                        0.051    0.002     0.048     0.055      0.000    0.000  19262.168  11747.275  1.001
sigma[3, 1]                        0.057    0.002     0.054     0.061      0.000    0.000  14492.921  12734.891  1.000
sigma[3, 2]                        0.057    0.001     0.056     0.058      0.000    0.000  19617.434  12486.933  1.000
sigma[3, 3]                        0.045    0.001     0.043     0.047      0.000    0.000  10119.850  11261.881  1.000
sigma[4, 0]                        0.052    0.002     0.049     0.055      0.000    0.000  16164.482  11824.671  1.001
sigma[4, 1]                        0.064    0.002     0.060     0.067      0.000    0.000  12643.899  12763.075  1.001
sigma[4, 2]                        0.058    0.001     0.057     0.059      0.000    0.000  18981.436  12750.924  1.000
sigma[4, 3]                        0.053    0.001     0.051     0.055      0.000    0.000  11605.904  12388.611  1.000
sigma_y[0]                       466.292   36.273   399.838   534.716      0.237    0.314  24349.239  12206.184  1.000
sigma_y[1]                       467.639   35.678   403.422   535.947      0.233    0.288  23955.841  12536.133  1.000
sigma_y[2]                       430.365   33.558   371.429   496.026      0.222    0.298  23638.762  11916.701  1.000
sigma_y[3]                       473.564   39.842   400.979   548.767      0.306    0.334  17550.451  12005.589  1.000
sigma_y[4]                       364.101   29.175   311.655   419.723      0.193    0.237  23359.646  12867.950  1.000
